0.392649 1.944092 6.617573 1417722671.762000
0.248997 2.059013 6.272809 1417722671.775000
0.172383 2.135628 6.042965 1417722671.782000
0.172383 2.394202 6.129156 1417722671.811000
-0.009577 2.729390 6.397307 1417722671.811000
-0.019154 3.035848 6.636727 1417722671.838000
0.057461 3.227384 6.962338 1417722671.838000
0.287304 3.265691 7.144298 1417722671.838000
0.373495 3.208230 7.249643 1417722671.842000
0.421380 3.217807 7.297527 1417722671.852000
0.430956 3.169923 7.354988 1417722671.863000
0.430956 3.189077 7.479486 1417722671.872000
0.383072 3.256114 7.546524 1417722671.882000
0.306458 3.284845 7.680599 1417722671.919000
0.296881 3.246537 7.891289 1417722671.919000
0.229843 3.371036 8.025364 1417722671.919000
0.162806 3.457227 8.255207 1417722671.940000
0.047884 3.639187 8.331821 1417722671.940000
-0.057461 3.782839 8.494628 1417722671.942000
-0.191536 3.801992 8.647857 1417722671.954000
-0.306458 3.897760 8.887277 1417722671.963000
-0.488417 4.050989 9.289502 1417722671.973000
-0.603339 4.194642 9.797073 1417722671.982000
-0.727837 4.299986 10.438720 1417722672.015000
-0.737414 4.156334 11.156980 1417722672.015000
-0.641646 3.840300 11.741165 1417722672.015000
-0.526724 3.428497 12.459426 1417722672.042000
-0.363919 3.169923 13.139379 1417722672.042000
-0.507571 3.016694 13.570335 1417722672.043000
-0.660800 3.055001 13.857639 1417722672.052000
-0.842759 3.045424 13.895947 1417722672.064000
-0.948104 3.074155 13.828909 1417722672.072000
-1.053449 3.112462 13.924677 1417722672.083000
-1.063026 2.978387 14.030022 1417722672.119000
-1.015141 2.691083 14.106636 1417722672.119000
-0.986411 2.375048 14.125790 1417722672.119000
-0.948104 2.059013 13.905523 1417722672.138000
-0.938527 1.953669 13.522451 1417722672.138000
-0.957681 1.915361 12.899959 1417722672.142000
-0.890643 1.915361 12.076353 1417722672.152000
-0.881066 1.896208 11.080365 1417722672.163000
-0.852336 1.819593 10.285490 1417722672.173000
-0.823605 1.695095 9.749189 1417722672.183000
-0.775721 1.570596 9.442732 1417722672.243000
-0.737414 1.503559 9.337387 1417722672.243000
-0.612916 1.513135 9.260772 1417722672.243000
-0.622492 1.541866 9.212888 1417722672.243000
-0.612916 1.628057 9.279925 1417722672.243000
-0.536301 1.704672 9.442732 1417722672.243000
-0.488417 1.790863 9.605537 1417722672.274000
-0.402226 1.905785 9.557653 1417722672.274000
-0.210690 2.001553 9.327810 1417722672.274000
-0.172383 2.078167 8.848969 1417722672.283000
-0.038307 2.116474 8.226477 1417722672.310000
0.105345 2.164358 7.661446 1417722672.310000
0.153229 2.202666 7.173028 1417722672.330000
0.220267 2.260126 6.809110 1417722672.330000
0.201113 2.317587 6.694188 1417722672.333000
0.143652 2.413355 6.780379 1417722672.343000
0.076614 2.480393 6.904878 1417722672.353000
0.028730 2.509123 7.048530 1417722672.363000
-0.019154 2.528277 7.153875 1417722672.373000
-0.009577 2.595315 7.307104 1417722672.383000
-0.009577 2.624045 7.335834 1417722672.468000
0.038307 2.662352 7.402872 1417722672.468000
0.028730 2.806004 7.709330 1417722672.468000
0.028730 2.882619 8.111555 1417722672.468000
0.009577 2.997540 8.504205 1417722672.468000
-0.086191 3.093309 8.868123 1417722672.468000
-0.028730 3.131616 9.021352 1417722672.468000
0.019154 3.112462 9.232041 1417722672.468000
0.047884 3.141193 9.423578 1417722672.492000
0.086191 3.236961 9.548077 1417722672.492000
0.047884 3.275268 9.730036 1417722672.511000
0.086191 3.399766 9.883265 1417722672.511000
0.019154 3.514688 9.892841 1417722672.530000
0.076614 3.591303 10.074800 1417722672.530000
0.114922 3.438074 10.304645 1417722672.533000
0.162806 3.332729 10.438720 1417722672.543000
0.201113 3.227384 10.687716 1417722672.553000
0.268151 3.169923 11.099519 1417722672.563000
0.354342 3.189077 11.540052 1417722672.573000
0.430956 3.294421 11.789049 1417722672.587000
0.632069 3.399766 11.808203 1417722672.654000
0.775721 3.418920 11.884817 1417722672.654000
0.861913 3.380613 12.066776 1417722672.655000
1.034295 3.198653 12.555194 1417722672.655000
1.273715 2.940080 13.235147 1417722672.655000
1.474828 2.710236 13.838486 1417722672.655000
1.541866 2.298434 14.154520 1417722672.655000
1.599327 1.934515 14.164097 1417722672.681000
1.666364 1.685518 13.895947 1417722672.681000
1.781286 1.599327 13.359646 1417722672.683000
1.848324 1.656788 12.497733 1417722672.712000
1.886631 1.723825 11.511322 1417722672.712000
1.934515 1.810017 10.438720 1417722672.732000
2.011129 1.848324 9.691729 1417722672.732000
2.145205 1.829170 9.270349 1417722672.733000
2.327164 1.800440 9.174581 1417722672.743000
2.403779 1.752556 9.538500 1417722672.753000
2.317587 1.733402 10.113108 1417722672.763000
2.260126 1.599327 10.591949 1417722672.773000
2.116474 1.436521 10.802638 1417722672.783000
1.944092 1.235408 10.620679 1417722672.817000
1.733402 1.120486 10.160992 1417722672.817000
1.436521 1.091756 9.452309 1417722672.817000
1.043872 1.206678 8.628703 1417722672.843000
0.746991 1.359907 7.910442 1417722672.844000
0.469264 1.484405 7.249643 1417722672.844000
0.268151 1.656788 6.732495 1417722672.856000
0.134075 1.838747 6.426037 1417722672.863000
0.086191 2.078167 6.378153 1417722672.874000
0.095768 2.461239 6.512228 1417722672.883000
0.191536 2.710236 6.866570 1417722672.939000
0.210690 2.844312 7.144298 1417722672.940000
0.306458 2.863465 7.393295 1417722672.940000
0.392649 2.930503 7.565677 1417722672.940000
0.488417 2.940080 7.795521 1417722672.940000
0.574608 2.978387 7.977480 1417722672.974000
0.603339 3.074155 8.054094 1417722672.974000
0.565032 3.169923 8.054094 1417722672.975000
0.488417 3.208230 7.967903 1417722672.975000
0.402226 3.275268 7.948750 1417722672.983000
0.325611 3.313575 7.939173 1417722673.025000
0.325611 3.438074 7.939173 1417722673.025000
0.316035 3.581726 7.987057 1417722673.025000
0.248997 3.840300 8.169016 1417722673.026000
0.181959 4.050989 8.389283 1417722673.047000
0.076614 4.223372 8.647857 1417722673.047000
-0.057461 4.261679 9.203311 1417722673.053000
-0.114922 4.395754 9.797073 1417722673.063000
-0.124498 4.367024 10.467450 1417722673.074000
-0.114922 4.347870 11.042058 1417722673.084000
-0.143652 4.252102 11.367670 1417722673.122000
-0.076614 4.022259 11.607090 1417722673.122000
0.028730 3.888184 11.827356 1417722673.122000
0.047884 3.821146 12.028469 1417722673.149000
-0.095768 3.734955 12.267890 1417722673.149000
-0.316035 3.754108 12.583924 1417722673.149000
-0.545878 3.715801 13.148955 1417722673.154000
-0.804452 3.706224 13.752295 1417722673.164000
-0.919373 3.639187 14.336480 1417722673.174000
-1.024718 3.399766 14.738706 1417722673.183000
-1.082179 3.160346 14.834474 1417722673.243000
-1.139640 2.815581 14.681245 1417722673.243000
-1.216254 2.537854 13.876793 1417722673.243000
-1.168370 2.403779 12.832921 1417722673.243000
-1.101333 2.422932 11.674128 1417722673.243000
-0.967257 2.384625 10.620679 1417722673.279000
-0.842759 2.308010 9.720459 1417722673.279000
-0.727837 2.183512 8.954314 1417722673.279000
-0.689530 2.011129 8.638280 1417722673.279000
-0.756568 1.905785 8.628703 1417722673.284000
-0.881066 1.829170 8.963891 1417722673.328000
-1.015141 1.800440 9.279925 1417722673.328000
-1.072602 1.819593 9.586384 1417722673.328000
-0.995988 1.829170 9.682152 1417722673.328000
-0.871489 1.867477 9.653421 1417722673.359000
-0.746991 1.886631 9.576807 1417722673.359000
-0.622492 1.972822 9.442732 1417722673.359000
-0.526724 2.011129 9.327810 1417722673.364000
-0.440533 2.135628 9.145850 1417722673.374000
-0.363919 2.221819 8.868123 1417722673.384000
-0.239420 2.288857 8.465898 1417722673.427000
-0.162806 2.327164 7.977480 1417722673.427000
-0.028730 2.384625 7.517793 1417722673.427000
0.095768 2.365471 7.211336 1417722673.427000
0.210690 2.470816 6.924031 1417722673.449000
0.210690 2.604892 6.866570 1417722673.449000
0.306458 2.604892 7.010222 1417722673.454000
0.287304 2.652776 7.173028 1417722673.464000
0.220267 2.671929 7.450756 1417722673.474000
0.172383 2.719813 7.690176 1417722673.484000
0.162806 2.777274 7.910442 1417722673.516000
0.268151 2.825158 7.872135 1417722673.516000
0.277727 2.901772 7.891289 1417722673.516000
0.335188 2.959233 7.920019 1417722673.539000
0.383072 3.083732 8.015787 1417722673.539000
0.287304 3.102885 8.283937 1417722673.544000
0.201113 3.169923 8.542512 1417722673.554000
0.105345 3.179500 8.791509 1417722673.564000
0.076614 3.265691 8.983045 1417722673.576000
0.114922 3.390190 9.059659 1417722673.584000
0.181959 3.600879 9.059659 1417722673.629000
0.239420 3.734955 9.050082 1417722673.629000
0.268151 3.801992 9.107543 1417722673.629000
0.392649 3.811569 9.356541 1417722673.629000
0.421380 3.744531 9.643845 1417722673.658000
0.478840 3.581726 10.036493 1417722673.658000
0.565032 3.361459 10.362105 1417722673.658000
0.555455 3.246537 10.582372 1417722673.664000
0.555455 3.361459 10.716447 1417722673.674000
0.565032 3.495534 10.860099 1417722673.684000
0.622492 3.524265 11.147403 1417722673.716000
0.612916 3.495534 11.597513 1417722673.716000
0.679953 3.457227 12.105083 1417722673.716000
0.756568 3.399766 12.746730 1417722673.741000
0.861913 3.313575 13.397953 1417722673.742000
0.842759 3.083732 14.010868 1417722673.744000
0.833182 2.662352 14.547170 1417722673.756000
0.909797 2.394202 14.604630 1417722673.764000
0.995988 2.308010 14.518439 1417722673.774000
1.197101 2.288857 14.154520 1417722673.785000
1.551443 2.288857 13.388376 1417722673.830000
1.829170 2.279280 12.421119 1417722673.830000
1.896208 2.202666 11.444284 1417722673.830000
1.934515 2.154782 10.591949 1417722673.830000
2.068590 2.145205 9.979033 1417722673.863000
2.154782 2.126051 9.653421 1417722673.863000
2.336741 1.953669 9.528923 1417722673.863000
2.451663 1.771709 9.605537 1417722673.865000
2.461239 1.637634 9.758766 1417722673.874000
2.489970 1.436521 9.768343 1417722673.885000
2.384625 1.244985 9.624691 1417722673.924000
2.250550 1.120486 9.289502 1417722673.924000
1.982399 1.120486 8.925584 1417722673.924000
1.618480 1.292869 8.427590 1417722673.924000
1.264138 1.484405 7.967903 1417722673.943000
1.005565 1.771709 7.651869 1417722673.944000
0.727837 2.039860 7.422025 1417722673.954000
0.545878 2.279280 7.230489 1417722673.964000
0.488417 2.547431 7.220912 1417722673.974000
0.565032 2.834735 7.316680 1417722673.984000
0.632069 3.045424 7.469909 1417722674.037000
0.699107 3.035848 7.556100 1417722674.037000
0.814029 3.016694 7.661446 1417722674.037000
0.823605 3.045424 7.661446 1417722674.037000
0.775721 3.131616 7.699753 1417722674.037000
0.833182 3.236961 7.728483 1417722674.064000
0.881066 3.208230 7.862558 1417722674.064000
0.861913 3.179500 8.073248 1417722674.065000
0.833182 3.208230 8.188169 1417722674.074000
0.842759 3.294421 8.437167 1417722674.085000
0.756568 3.409343 8.667010 1417722674.125000
0.660800 3.562572 8.877700 1417722674.125000
0.641646 3.667917 8.944737 1417722674.125000
0.603339 3.801992 8.963891 1417722674.125000
0.536301 4.003105 9.011775 1417722674.155000
0.478840 4.137180 9.165004 1417722674.155000
0.354342 4.261679 9.500193 1417722674.155000
0.392649 4.395754 9.883265 1417722674.165000
0.421380 4.510676 10.266336 1417722674.175000
0.584185 4.462792 10.620679 1417722674.186000
0.766145 4.357447 11.051635 1417722674.253000
0.919373 4.127604 11.271901 1417722674.253000
1.043872 3.859453 11.492168 1417722674.253000
1.273715 3.792415 11.444284 1417722674.253000
1.369483 3.869030 11.147403 1417722674.253000
1.254562 4.041412 10.802638 1417722674.253000
1.072602 4.194642 10.544065 1417722674.282000
0.804452 4.271256 10.400413 1417722674.282000
0.603339 4.261679 10.486604 1417722674.282000
0.402226 4.070143 11.109096 1417722674.285000
0.306458 3.667917 12.220005 1417722674.319000
0.306458 3.083732 13.484144 1417722674.319000
0.258574 2.566584 14.508862 1417722674.319000
0.153229 2.279280 14.987702 1417722674.342000
0.153229 2.116474 14.757859 1417722674.342000
0.028730 2.030283 13.781025 1417722674.345000
0.019154 2.001553 12.382812 1417722674.355000
0.047884 2.154782 10.812215 1417722674.365000
0.134075 2.183512 9.768343 1417722674.375000
0.134075 2.240973 9.184157 1417722674.385000
0.019154 2.269703 8.963891 1417722674.425000
-0.047884 2.240973 9.088389 1417722674.425000
-0.124498 2.164358 9.385271 1417722674.425000
-0.220267 2.078167 9.739613 1417722674.425000
-0.239420 2.087744 9.921572 1417722674.460000
-0.306458 2.126051 10.026917 1417722674.460000
-0.287304 2.202666 9.940725 1417722674.460000
-0.316035 2.212242 9.787497 1417722674.465000
-0.296881 2.212242 9.471462 1417722674.477000
-0.239420 2.231396 9.097966 1417722674.485000
-0.239420 2.231396 8.638280 1417722674.512000
-0.210690 2.317587 8.178593 1417722674.512000
-0.162806 2.422932 7.747637 1417722674.531000
-0.162806 2.547431 7.469909 1417722674.531000
-0.105345 2.604892 7.249643 1417722674.535000
-0.124498 2.710236 7.048530 1417722674.545000
-0.162806 2.767697 6.981492 1417722674.555000
-0.210690 2.940080 6.962338 1417722674.565000
-0.296881 3.064578 7.038953 1417722674.575000
-0.344765 3.208230 7.240066 1417722674.585000
-0.383072 3.371036 7.546524 1417722674.619000
-0.392649 3.495534 7.852982 1417722674.619000
-0.373495 3.562572 8.188169 1417722674.619000
-0.325611 3.533842 8.418014 1417722674.645000
-0.383072 3.562572 8.657434 1417722674.645000
-0.450110 3.648763 8.925584 1417722674.645000
-0.545878 3.696647 9.203311 1417722674.657000
-0.517148 3.821146 9.414001 1417722674.665000
-0.430956 3.840300 9.500193 1417722674.675000
-0.325611 3.849876 9.481039 1417722674.685000
-0.153229 3.897760 9.385271 1417722674.777000
0.009577 3.916914 9.279925 1417722674.778000
0.076614 4.022259 9.279925 1417722674.778000
0.220267 4.146757 9.260772 1417722674.778000
0.335188 4.252102 9.289502 1417722674.778000
0.450110 4.319140 9.452309 1417722674.778000
0.545878 4.261679 9.605537 1417722674.778000
0.593762 4.089296 9.768343 1417722674.778000
0.622492 4.031836 10.074800 1417722674.778000
0.718261 4.098873 10.275913 1417722674.822000
0.890643 4.194642 10.333375 1417722674.822000
0.938527 4.376601 10.208876 1417722674.822000
0.948104 4.462792 10.046070 1417722674.823000
0.995988 4.434062 9.979033 1417722674.846000
1.130063 4.223372 10.055647 1417722674.846000
1.417367 3.955221 10.524911 1417722674.846000
1.810017 3.629610 11.338940 1417722674.867000
2.087744 3.323152 12.258312 1417722674.867000
2.240973 2.978387 13.091495 1417722674.875000
2.327164 2.662352 13.752295 1417722674.885000
2.432509 2.480393 14.049175 1417722674.934000
2.451663 2.442086 13.886370 1417722674.935000
2.461239 2.327164 12.899959 1417722674.935000
2.442086 2.413355 11.559206 1417722674.935000
2.422932 2.681506 10.342952 1417722674.937000
2.461239 2.882619 9.423578 1417722674.973000
2.499547 2.873042 9.059659 1417722674.973000
2.470816 2.738967 9.241618 1417722674.973000
2.442086 2.557007 9.816227 1417722674.975000
2.384625 2.269703 10.457873 1417722674.986000
2.221819 1.886631 10.754754 1417722675.029000
2.068590 1.637634 10.735600 1417722675.029000
1.781286 1.503559 10.496181 1417722675.030000
1.474828 1.493982 9.979033 1417722675.030000
1.149217 1.561020 9.251195 1417722675.066000
0.919373 1.742979 8.427590 1417722675.066000
0.718261 2.001553 7.757214 1417722675.066000
0.565032 2.116474 7.201759 1417722675.066000
0.344765 2.413355 6.914454 1417722675.075000
0.392649 2.729390 6.847417 1417722675.085000
0.335188 2.987964 6.933608 1417722675.117000
0.421380 3.217807 7.144298 1417722675.117000
0.383072 3.476381 7.326257 1417722675.117000
0.363919 3.543418 7.460332 1417722675.143000
0.584185 3.562572 7.508216 1417722675.143000
0.612916 3.533842 7.556100 1417722675.145000
0.622492 3.514688 7.623138 1417722675.155000
0.708684 3.581726 7.623138 1417722675.167000
0.699107 3.648763 7.766790 1417722675.176000
0.584185 3.620033 7.795521 1417722675.187000
0.584185 3.581726 7.891289 1417722675.233000
0.526724 3.600879 8.006210 1417722675.233000
0.555455 3.543418 8.073248 1417722675.233000
0.612916 3.677494 8.274361 1417722675.233000
0.555455 3.888184 8.571242 1417722675.279000
0.478840 4.098873 9.030929 1417722675.279000
0.373495 4.232949 9.346964 1417722675.279000
0.258574 4.357447 9.538500 1417722675.279000
0.191536 4.424485 9.615114 1417722675.279000
0.172383 4.520253 9.701305 1417722675.286000
0.268151 4.577713 9.854534 1417722675.314000
0.383072 4.501099 10.093954 1417722675.314000
0.488417 4.232949 10.381259 1417722675.334000
0.545878 4.012682 10.563218 1417722675.335000
0.632069 3.859453 10.764331 1417722675.336000
0.651223 3.945644 10.821792 1417722675.346000
0.622492 3.974375 10.898406 1417722675.356000
0.363919 4.060566 11.032481 1417722675.366000
0.124498 4.060566 11.281479 1417722675.378000
-0.076614 3.964798 11.846510 1417722675.386000
-0.306458 3.754108 12.574348 1417722675.417000
-0.478840 3.332729 13.311762 1417722675.418000
-0.536301 2.987964 14.001291 1417722675.418000
-0.565032 2.671929 14.508862 1417722675.454000
-0.545878 2.557007 14.489709 1417722675.454000
-0.440533 2.451663 13.876793 1417722675.454000
-0.383072 2.432509 12.698846 1417722675.456000
-0.296881 2.595315 11.310209 1417722675.466000
-0.268151 2.710236 10.132261 1417722675.476000
-0.268151 2.777274 9.270349 1417722675.486000
-0.383072 2.700660 8.743625 1417722675.524000
-0.526724 2.614468 8.638280 1417722675.524000
-0.660800 2.518700 8.705317 1417722675.524000
-0.804452 2.422932 8.963891 1417722675.553000
-0.900220 2.461239 9.174581 1417722675.553000
-0.890643 2.451663 9.394848 1417722675.553000
-0.766145 2.327164 9.538500 1417722675.558000
-0.679953 2.317587 9.835381 1417722675.566000
-0.507571 2.365471 9.959879 1417722675.576000
-0.373495 2.442086 9.988609 1417722675.586000
-0.296881 2.470816 9.883265 1417722675.611000
-0.134075 2.528277 9.586384 1417722675.611000
-0.086191 2.624045 9.002198 1417722675.643000
-0.047884 2.719813 8.255207 1417722675.643000
0.019154 2.777274 7.565677 1417722675.643000
0.028730 2.806004 7.077260 1417722675.648000
0.038307 2.873042 6.751649 1417722675.656000
0.019154 2.978387 6.655881 1417722675.666000
0.019154 3.016694 6.780379 1417722675.676000
-0.067038 3.141193 7.029376 1417722675.686000
-0.076614 3.246537 7.249643 1417722675.713000
-0.095768 3.313575 7.469909 1417722675.713000
-0.181959 3.351882 7.556100 1417722675.735000
-0.220267 3.409343 7.718906 1417722675.735000
-0.229843 3.428497 7.958326 1417722675.738000
-0.306458 3.562572 8.245630 1417722675.746000
-0.354342 3.687071 8.571242 1417722675.756000
-0.363919 3.763685 8.829816 1417722675.766000
-0.411803 3.849876 9.097966 1417722675.776000
-0.411803 3.936068 9.193734 1417722675.786000
-0.440533 4.050989 9.174581 1417722675.813000
-0.373495 4.185065 9.212888 1417722675.813000
-0.296881 4.347870 9.299079 1417722675.836000
-0.181959 4.548983 9.327810 1417722675.836000
-0.047884 4.654328 9.318233 1417722675.836000
0.086191 4.654328 9.318233 1417722675.846000
0.191536 4.606444 9.481039 1417722675.856000
0.325611 4.472369 9.777920 1417722675.866000
0.488417 4.223372 10.141838 1417722675.876000
0.603339 3.964798 10.668563 1417722675.886000
0.823605 3.840300 11.089942 1417722675.918000
1.015141 3.926491 11.405977 1417722675.918000
1.130063 4.232949 11.291056 1417722675.919000
1.082179 4.491522 10.975020 1417722675.957000
0.976834 4.491522 10.544065 1417722675.957000
0.900220 4.386178 10.352529 1417722675.958000
0.967257 4.089296 10.515334 1417722675.958000
1.158794 3.754108 11.003751 1417722675.966000
1.273715 3.505111 11.808203 1417722675.976000
1.426944 3.275268 12.536040 1417722675.986000
1.618480 3.045424 12.957419 1417722676.013000
1.714248 2.834735 13.024457 1417722676.013000
1.857901 2.585738 12.765883 1417722676.043000
1.982399 2.451663 12.047623 1417722676.043000
2.135628 2.509123 11.195287 1417722676.043000
2.308010 2.700660 10.314221 1417722676.046000
2.365471 2.882619 9.548077 1417722676.056000
2.451663 3.035848 8.992621 1417722676.066000
2.461239 3.016694 8.858546 1417722676.076000
2.442086 2.959233 8.887277 1417722676.086000
2.384625 2.901772 9.107543 1417722676.134000
2.279280 2.691083 9.308656 1417722676.134000
2.173935 2.451663 9.433155 1417722676.134000
2.020706 2.154782 9.375694 1417722676.134000
1.781286 1.953669 9.366117 1417722676.174000
1.513135 1.896208 9.203311 1417722676.174000
1.206678 1.924938 9.030929 1417722676.174000
0.871489 2.087744 8.638280 1417722676.174000
0.632069 2.240973 8.236053 1417722676.176000
0.440533 2.557007 7.690176 1417722676.187000
0.335188 2.901772 7.307104 1417722676.218000
0.335188 3.141193 7.029376 1417722676.218000
0.402226 3.371036 6.876147 1417722676.218000
0.488417 3.447650 6.933608 1417722676.243000
0.555455 3.476381 7.019799 1417722676.243000
0.651223 3.581726 7.182605 1417722676.246000
0.708684 3.658340 7.316680 1417722676.256000
0.794875 3.639187 7.603985 1417722676.267000
0.775721 3.744531 7.795521 1417722676.279000
0.727837 3.734955 8.015787 1417722676.286000
0.651223 3.744531 8.159439 1417722676.354000
0.632069 3.754108 8.236053 1417722676.354000
0.603339 3.840300 8.322245 1417722676.355000
0.593762 3.916914 8.370130 1417722676.355000
0.603339 4.060566 8.494628 1417722676.355000
0.536301 4.261679 8.686164 1417722676.355000
0.450110 4.453215 8.877700 1417722676.382000
0.287304 4.616021 9.050082 1417722676.382000
0.134075 4.817134 9.260772 1417722676.382000
0.076614 4.807557 9.500193 1417722676.387000
-0.134075 4.922479 9.749189 1417722676.417000
-0.047884 4.951209 10.065224 1417722676.417000
-0.009577 4.893748 10.237606 1417722676.417000
0.067038 4.750096 10.534488 1417722676.436000
0.076614 4.414908 10.860099 1417722676.437000
0.172383 4.137180 11.252748 1417722676.447000
0.201113 4.012682 11.568783 1417722676.459000
0.134075 4.098873 11.741165 1417722676.467000
-0.019154 4.194642 11.856087 1417722676.477000
-0.162806 4.185065 11.913548 1417722676.491000
-0.210690 4.108450 12.105083 1417722676.516000
-0.325611 3.964798 12.555194 1417722676.516000
-0.383072 3.782839 13.043611 1417722676.539000
-0.363919 3.581726 13.445837 1417722676.539000
-0.411803 3.438074 13.733141 1417722676.539000
-0.469264 3.275268 13.637373 1417722676.547000
-0.526724 3.045424 13.292608 1417722676.557000
-0.440533 2.882619 12.622231 1417722676.567000
-0.335188 2.738967 11.875240 1417722676.577000
-0.229843 2.681506 10.994174 1417722676.587000
-0.124498 2.585738 10.237606 1417722676.618000
-0.162806 2.451663 9.595961 1417722676.618000
-0.210690 2.250550 9.059659 1417722676.618000
-0.277727 2.030283 8.772355 1417722676.661000
-0.383072 1.953669 8.695741 1417722676.662000
-0.421380 1.877054 8.801085 1417722676.662000
-0.450110 1.877054 9.040505 1417722676.662000
-0.507571 1.915361 9.299079 1417722676.667000
-0.488417 1.982399 9.567230 1417722676.677000
-0.430956 2.020706 9.720459 1417722676.687000
-0.363919 2.135628 9.710882 1417722676.713000
-0.296881 2.164358 9.586384 1417722676.713000
-0.172383 2.288857 9.337387 1417722676.738000
-0.153229 2.432509 8.925584 1417722676.738000
-0.067038 2.566584 8.485051 1417722676.738000
-0.067038 2.652776 7.852982 1417722676.747000
0.172383 2.700660 7.287950 1417722676.757000
0.268151 2.806004 6.809110 1417722676.768000
0.287304 2.968810 6.588843 1417722676.777000
0.316035 3.112462 6.464345 1417722676.788000
0.229843 3.217807 6.540959 1417722676.825000
0.229843 3.294421 6.722919 1417722676.825000
0.210690 3.371036 7.029376 1417722676.825000
0.153229 3.390190 7.402872 1417722676.844000
0.047884 3.457227 7.766790 1417722676.844000
0.028730 3.438074 8.169016 1417722676.847000
0.009577 3.514688 8.590396 1417722676.857000
0.028730 3.543418 8.916007 1417722676.867000
0.038307 3.543418 9.184157 1417722676.877000
0.105345 3.658340 9.299079 1417722676.887000
0.181959 3.792415 9.356541 1417722676.919000
0.306458 3.907337 9.289502 1417722676.919000
0.325611 4.041412 9.241618 1417722676.919000
0.325611 4.175488 9.126697 1417722676.960000
0.450110 4.319140 9.279925 1417722676.960000
0.603339 4.481946 9.375694 1417722676.960000
0.708684 4.596867 9.509769 1417722676.960000
0.871489 4.539406 9.749189 1417722676.967000
0.986411 4.261679 10.074800 1417722676.977000
1.187524 3.955221 10.524911 1417722676.987000
1.340753 3.658340 10.975020 1417722677.016000
1.513135 3.476381 11.271901 1417722677.016000
1.628057 3.677494 11.425131 1417722677.056000
1.628057 4.041412 11.300632 1417722677.056000
1.541866 4.213795 11.204864 1417722677.056000
1.541866 4.165911 11.070788 1417722677.056000
1.589750 3.974375 11.195287 1417722677.059000
1.608904 3.667917 11.836933 1417722677.068000
1.742979 3.371036 12.775460 1417722677.078000
1.896208 3.160346 13.599066 1417722677.087000
2.001553 2.853889 14.001291 1417722677.143000
2.145205 2.566584 13.876793 1417722677.143000
2.288857 2.308010 13.158532 1417722677.143000
2.403779 2.212242 12.095507 1417722677.149000
2.518700 2.240973 10.898406 1417722677.149000
2.585738 2.384625 9.883265 1417722677.149000
2.595315 2.499547 9.002198 1417722677.186000
2.518700 2.576161 8.427590 1417722677.186000
2.489970 2.624045 8.264784 1417722677.186000
2.394202 2.614468 8.485051 1417722677.188000
2.298434 2.557007 9.011775 1417722677.217000
2.154782 2.489970 9.691729 1417722677.217000
2.001553 2.365471 10.132261 1417722677.218000
1.915361 2.183512 10.390836 1417722677.243000
1.714248 2.116474 10.419566 1417722677.243000
1.522712 2.202666 10.237606 1417722677.248000
1.359907 2.240973 9.844957 1417722677.257000
1.120486 2.260126 9.260772 1417722677.267000
0.861913 2.355895 8.638280 1417722677.277000
0.651223 2.547431 8.063671 1417722677.287000
0.497994 2.748543 7.642292 1417722677.349000
0.392649 2.940080 7.364564 1417722677.350000
0.296881 3.074155 7.163452 1417722677.350000
0.287304 3.217807 7.115568 1417722677.350000
0.402226 3.399766 7.048530 1417722677.351000
0.450110 3.581726 6.991069 1417722677.351000
0.555455 3.610456 7.067683 1417722677.379000
0.584185 3.667917 7.038953 1417722677.379000
0.651223 3.687071 7.086837 1417722677.379000
0.660800 3.687071 7.105990 1417722677.388000
0.679953 3.687071 7.201759 1417722677.418000
0.737414 3.725378 7.345411 1417722677.419000
0.756568 3.849876 7.489063 1417722677.419000
0.708684 3.955221 7.757214 1417722677.438000
0.699107 4.041412 8.025364 1417722677.439000
0.679953 4.185065 8.159439 1417722677.448000
0.641646 4.453215 8.216900 1417722677.458000
0.603339 4.635174 8.178593 1417722677.468000
0.440533 4.836288 8.159439 1417722677.480000
0.306458 5.008670 8.245630 1417722677.488000
0.229843 5.094861 8.465898 1417722677.530000
0.162806 5.171476 8.781932 1417722677.530000
0.229843 5.219360 9.318233 1417722677.530000
0.181959 5.114015 9.998186 1417722677.530000
0.172383 4.903325 10.697293 1417722677.553000
0.239420 4.683059 11.367670 1417722677.553000
0.344765 4.750096 11.817780 1417722677.558000
0.363919 4.893748 12.066776 1417722677.568000
0.248997 4.989516 12.200851 1417722677.578000
0.105345 5.008670 12.306197 1417722677.588000
-0.047884 4.989516 12.536040 1417722677.618000
-0.153229 4.922479 12.861651 1417722677.618000
-0.335188 4.721366 13.378799 1417722677.618000
-0.450110 4.434062 13.828909 1417722677.647000
-0.507571 4.108450 14.125790 1417722677.648000
-0.517148 3.869030 13.953407 1417722677.648000
-0.632069 3.754108 13.187263 1417722677.658000
-0.651223 3.658340 12.172121 1417722677.668000
-0.660800 3.620033 10.994174 1417722677.678000
-0.689530 3.552995 9.979033 1417722677.688000
-0.641646 3.351882 9.318233 1417722677.729000
-0.689530 3.217807 9.165004 1417722677.729000
-0.746991 3.064578 8.992621 1417722677.729000
-0.852336 2.901772 9.117120 1417722677.729000
-0.871489 2.834735 9.404425 1417722677.770000
-0.852336 2.748543 9.720459 1417722677.770000
-0.794875 2.729390 9.902418 1417722677.770000
-0.612916 2.767697 9.979033 1417722677.770000
-0.517148 2.844312 9.864111 1417722677.778000
-0.402226 2.930503 9.758766 1417722677.788000
-0.344765 2.959233 9.404425 1417722677.824000
-0.277727 3.016694 9.002198 1417722677.824000
-0.229843 3.122039 8.418014 1417722677.824000
-0.095768 3.217807 7.958326 1417722677.842000
0.047884 3.227384 7.517793 1417722677.842000
0.105345 3.313575 7.163452 1417722677.848000
0.153229 3.294421 6.818686 1417722677.858000
0.191536 3.332729 6.569689 1417722677.868000
0.210690 3.371036 6.359000 1417722677.878000
0.239420 3.438074 6.291962 1417722677.888000
0.268151 3.476381 6.387730 1417722677.915000
0.325611 3.476381 6.512228 1417722677.915000
0.383072 3.476381 6.742072 1417722677.937000
0.402226 3.620033 6.837840 1417722677.937000
0.421380 3.696647 6.952762 1417722677.938000
0.469264 3.811569 7.230489 1417722677.952000
0.497994 3.974375 7.575254 1417722677.958000
0.488417 4.089296 7.948750 1417722677.968000
0.373495 4.194642 8.197746 1417722677.978000
0.335188 4.299986 8.350976 1417722677.991000
0.335188 4.491522 8.456321 1417722678.021000
0.402226 4.721366 8.456321 1417722678.023000
0.497994 4.941632 8.418014 1417722678.023000
0.603339 5.123591 8.456321 1417722678.048000
0.689530 5.267244 8.667010 1417722678.048000
0.785298 5.372589 8.906430 1417722678.050000
0.861913 5.382165 9.318233 1417722678.059000
0.957681 5.190629 9.816227 1417722678.068000
1.034295 4.970363 10.362105 1417722678.080000
1.063026 4.912902 10.860099 1417722678.088000
1.177947 5.027823 11.300632 1417722678.133000
1.264138 5.286397 11.482592 1417722678.133000
1.273715 5.497087 11.300632 1417722678.133000
1.187524 5.631162 10.984597 1417722678.133000
1.110910 5.573701 10.773908 1417722678.168000
1.120486 5.363012 10.907983 1417722678.168000
1.216254 5.123591 11.549629 1417722678.168000
1.446098 4.960786 12.296620 1417722678.168000
1.752556 4.692636 12.928689 1417722678.178000
1.972822 4.386178 13.340492 1417722678.189000
2.164358 4.060566 13.158532 1417722678.217000
2.365471 3.763685 12.392388 1417722678.217000
2.528277 3.543418 11.291056 1417722678.236000
2.681506 3.418920 10.199299 1417722678.237000
2.796427 3.332729 9.251195 1417722678.239000
2.863465 3.351882 8.504205 1417722678.248000
2.882619 3.332729 8.015787 1417722678.261000
2.901772 3.380613 7.948750 1417722678.269000
2.978387 3.323152 8.255207 1417722678.279000
2.959233 3.275268 8.762778 1417722678.289000
2.806004 3.265691 9.241618 1417722678.341000
2.652776 3.198653 9.624691 1417722678.341000
2.499547 3.122039 9.710882 1417722678.341000
2.317587 3.074155 9.653421 1417722678.341000
2.068590 3.055001 9.251195 1417722678.341000
1.790863 3.035848 8.724471 1417722678.380000
1.522712 3.074155 8.111555 1417722678.380000
1.273715 3.169923 7.613562 1417722678.380000
1.024718 3.342306 7.134721 1417722678.380000
0.842759 3.495534 6.742072 1417722678.389000
0.756568 3.610456 6.435614 1417722678.416000
0.679953 3.801992 6.215348 1417722678.416000
0.593762 4.031836 6.071695 1417722678.434000
0.641646 4.146757 6.023811 1417722678.434000
0.718261 4.242526 6.052542 1417722678.441000
0.814029 4.242526 6.129156 1417722678.449000
0.871489 4.213795 6.177041 1417722678.459000
0.823605 4.118027 6.339846 1417722678.469000
0.794875 4.194642 6.588843 1417722678.479000
0.804452 4.328717 6.895301 1417722678.489000
0.708684 4.376601 7.201759 1417722678.521000
0.718261 4.472369 7.546524 1417722678.521000
0.670376 4.558560 7.824251 1417722678.521000
0.574608 4.654328 8.188169 1417722678.543000
0.526724 4.817134 8.485051 1417722678.543000
0.497994 4.999093 8.667010 1417722678.549000
0.440533 5.238513 8.791509 1417722678.559000
0.402226 5.458780 8.724471 1417722678.569000
0.306458 5.564125 8.753201 1417722678.579000
0.268151 5.602432 8.954314 1417722678.589000
0.229843 5.506664 9.212888 1417722678.626000
0.287304 5.430049 9.662998 1417722678.626000
0.316035 5.305551 10.237606 1417722678.626000
0.469264 5.200206 10.860099 1417722678.658000
0.660800 5.085284 11.434708 1417722678.658000
0.737414 5.114015 11.779472 1417722678.658000
0.660800 5.209783 11.884817 1417722678.660000
0.497994 5.142745 11.846510 1417722678.670000
0.344765 5.008670 11.894394 1417722678.679000
0.201113 4.922479 12.191275 1417722678.689000
0.172383 4.826711 12.660539 1417722678.723000
0.201113 4.625597 13.187263 1417722678.723000
0.248997 4.405331 13.646950 1417722678.723000
0.181959 4.185065 13.819332 1417722678.760000
0.047884 4.060566 13.474567 1417722678.761000
-0.095768 3.916914 12.756307 1417722678.761000
-0.153229 3.878607 11.779472 1417722678.761000
-0.047884 3.734955 10.869676 1417722678.769000
0.019154 3.543418 9.998186 1417722678.779000
0.019154 3.351882 9.442732 1417722678.789000
-0.086191 3.208230 9.174581 1417722678.833000
-0.239420 3.074155 9.069236 1417722678.833000
-0.335188 2.940080 9.174581 1417722678.833000
-0.411803 2.777274 9.289502 1417722678.833000
-0.497994 2.691083 9.356541 1417722678.860000
-0.517148 2.624045 9.414001 1417722678.861000
-0.517148 2.604892 9.346964 1417722678.861000
-0.478840 2.633622 9.117120 1417722678.869000
-0.392649 2.662352 8.801085 1417722678.879000
-0.354342 2.729390 8.370130 1417722678.889000
-0.306458 2.777274 7.967903 1417722678.930000
-0.325611 2.815581 7.584831 1417722678.931000
-0.277727 2.873042 7.297527 1417722678.931000
-0.210690 2.920926 7.048530 1417722678.931000
-0.124498 2.920926 6.904878 1417722678.958000
-0.105345 2.949656 6.732495 1417722678.958000
-0.057461 2.997540 6.789956 1417722678.960000
-0.019154 3.026271 6.742072 1417722678.969000
-0.019154 3.045424 6.828263 1417722678.981000
0.143652 3.112462 6.943185 1417722678.993000
-0.047884 3.150769 7.010222 1417722679.022000
-0.047884 3.179500 7.000646 1417722679.022000
0.067038 3.217807 6.971915 1417722679.022000
0.086191 3.265691 7.029376 1417722679.045000
0.105345 3.351882 7.307104 1417722679.045000
0.134075 3.438074 7.833828 1417722679.049000
0.181959 3.543418 8.370130 1417722679.059000
0.210690 3.696647 8.925584 1417722679.069000
0.258574 3.849876 9.308656 1417722679.079000
0.239420 4.050989 9.519346 1417722679.089000
0.248997 4.194642 9.433155 1417722679.123000
0.277727 4.367024 9.318233 1417722679.123000
0.354342 4.529830 9.251195 1417722679.123000
0.478840 4.692636 9.366117 1417722679.144000
0.584185 4.730943 9.710882 1417722679.144000
0.785298 4.625597 10.295067 1417722679.150000
1.072602 4.414908 10.994174 1417722679.161000
1.273715 4.290410 11.674128 1417722679.171000
1.493982 4.232949 12.267890 1417722679.179000
1.618480 4.395754 12.689269 1417722679.225000
1.771709 4.644751 12.727576 1417722679.225000
1.771709 4.912902 12.440272 1417722679.225000
1.656788 5.056554 11.856087 1417722679.225000
1.503559 5.056554 11.597513 1417722679.245000
1.532289 4.979939 11.674128 1417722679.245000
1.608904 4.644751 12.085930 1417722679.249000
1.723825 4.290410 12.708423 1417722679.260000
2.039860 4.060566 13.129802 1417722679.270000
2.279280 3.859453 13.081918 1417722679.280000
2.327164 3.610456 12.622231 1417722679.290000
2.336741 3.351882 11.932701 1417722679.324000
2.422932 2.997540 11.185710 1417722679.324000
2.537854 2.729390 10.563218 1417722679.324000
2.681506 2.624045 10.026917 1417722679.342000
2.777274 2.528277 9.548077 1417722679.342000
2.834735 2.480393 9.212888 1417722679.349000
2.844312 2.451663 8.954314 1417722679.359000
2.863465 2.403779 8.887277 1417722679.369000
2.815581 2.365471 8.896853 1417722679.379000
2.700660 2.336741 9.050082 1417722679.390000
2.576161 2.327164 9.222465 1417722679.418000
2.451663 2.317587 9.442732 1417722679.418000
2.346318 2.327164 9.500193 1417722679.435000
2.173935 2.355895 9.490616 1417722679.435000
1.924938 2.346318 9.346964 1417722679.439000
1.637634 2.413355 9.030929 1417722679.450000
1.359907 2.499547 8.561666 1417722679.460000
1.149217 2.604892 8.044518 1417722679.470000
0.957681 2.777274 7.623138 1417722679.480000
0.814029 2.806004 7.220912 1417722679.490000
0.718261 2.911349 6.837840 1417722679.523000
0.699107 3.074155 6.598420 1417722679.523000
0.708684 3.246537 6.483498 1417722679.523000
0.881066 3.380613 6.483498 1417722679.550000
0.948104 3.457227 6.617573 1417722679.550000
1.043872 3.533842 6.847417 1417722679.550000
1.149217 3.629610 7.029376 1417722679.560000
1.091756 3.543418 7.153875 1417722679.570000
1.158794 3.792415 7.278373 1417722679.580000
1.015141 4.022259 7.402872 1417722679.590000
0.976834 4.050989 7.431602 1417722679.621000
0.957681 4.127604 7.575254 1417722679.621000
0.900220 4.280833 7.766790 1417722679.621000
0.852336 4.491522 8.063671 1417722679.653000
0.833182 4.663905 8.312668 1417722679.653000
0.756568 4.893748 8.619126 1417722679.653000
0.699107 5.027823 8.810662 1417722679.660000
0.727837 5.094861 9.030929 1417722679.670000
0.737414 5.123591 9.193734 1417722679.680000
0.775721 5.133168 9.481039 1417722679.690000
0.823605 5.056554 9.768343 1417722679.721000
0.861913 4.941632 10.132261 1417722679.721000
0.861913 4.778827 10.716447 1417722679.722000
0.871489 4.491522 11.405977 1417722679.741000
0.881066 4.347870 12.018892 1417722679.741000
0.948104 4.443638 12.296620 1417722679.750000
0.660800 4.759673 12.038046 1417722679.760000
0.181959 4.941632 11.654974 1417722679.770000
-0.248997 5.008670 11.338940 1417722679.780000
-0.507571 4.989516 11.482592 1417722679.790000
-0.603339 4.865018 12.172121 1417722679.838000
-0.574608 4.510676 13.187263 1417722679.838000
-0.411803 4.098873 14.173674 1417722679.838000
-0.153229 3.696647 14.863204 1417722679.838000
0.019154 3.428497 14.891934 1417722679.859000
0.248997 3.074155 13.982138 1417722679.859000
0.268151 2.882619 12.440272 1417722679.860000
0.191536 2.806004 10.678140 1417722679.870000
0.239420 2.758120 9.145850 1417722679.882000
0.134075 2.643199 8.188169 1417722679.890000
0.067038 2.451663 7.680599 1417722679.921000
0.210690 2.547431 7.718906 1417722679.921000
0.019154 2.624045 8.255207 1417722679.921000
0.019154 2.604892 8.810662 1417722679.946000
0.095768 2.585738 9.222465 1417722679.946000
0.239420 2.604892 9.528923 1417722679.950000
0.392649 2.643199 9.710882 1417722679.960000
0.622492 2.710236 9.710882 1417722679.971000
0.775721 2.767697 9.653421 1417722679.980000
0.861913 2.825158 9.327810 1417722679.990000
0.938527 2.882619 8.858546 1417722680.039000
1.024718 2.892196 8.398860 1417722680.039000
1.034295 2.978387 7.920019 1417722680.039000
1.005565 3.045424 7.565677 1417722680.039000
0.976834 3.150769 7.259220 1417722680.067000
0.938527 3.236961 7.086837 1417722680.067000
0.823605 3.323152 6.904878 1417722680.067000
0.670376 3.371036 6.809110 1417722680.070000
0.593762 3.351882 6.809110 1417722680.081000
0.574608 3.342306 6.809110 1417722680.090000
0.488417 3.361459 6.933608 1417722680.126000
0.478840 3.466804 7.086837 1417722680.126000
0.402226 3.591303 7.316680 1417722680.126000
0.383072 3.600879 7.575254 1417722680.143000
0.325611 3.677494 7.900866 1417722680.143000
0.191536 3.763685 8.255207 1417722680.150000
0.143652 3.801992 8.475474 1417722680.160000
0.076614 3.955221 8.686164 1417722680.170000
0.086191 4.127604 8.935161 1417722680.180000
0.143652 4.213795 9.145850 1417722680.193000
0.239420 4.376601 9.251195 1417722680.200000
0.354342 4.539406 9.251195 1417722680.226000
0.392649 4.635174 9.232041 1417722680.226000
0.526724 4.683059 9.232041 1417722680.249000
0.651223 4.635174 9.385271 1417722680.249000
0.679953 4.529830 9.682152 1417722680.251000
0.727837 4.453215 10.065224 1417722680.260000
0.699107 4.309563 10.496181 1417722680.271000
0.881066 4.271256 10.917560 1417722680.281000
0.871489 4.395754 11.271901 1417722680.291000
0.967257 4.616021 11.262324 1417722680.301000
0.938527 4.711789 11.099519 1417722680.339000
0.957681 4.635174 10.994174 1417722680.339000
1.139640 4.357447 11.156980 1417722680.339000
1.359907 3.993528 11.932701 1417722680.367000
1.561020 3.715801 13.024457 1417722680.367000
1.781286 3.428497 14.087482 1417722680.367000
1.972822 3.102885 14.824897 1417722680.370000
2.078167 2.825158 15.035586 1417722680.380000
2.126051 2.719813 14.451402 1417722680.390000
2.240973 2.547431 13.110648 1417722680.400000
2.308010 2.499547 11.453861 1417722680.431000
2.413355 2.633622 9.988609 1417722680.431000
2.489970 2.738967 8.954314 1417722680.431000
2.557007 2.662352 8.398860 1417722680.465000
2.557007 2.652776 8.456321 1417722680.465000
2.480393 2.662352 8.992621 1417722680.466000
2.413355 2.585738 9.643845 1417722680.471000
2.432509 2.489970 10.007763 1417722680.481000
2.355895 2.442086 10.151415 1417722680.491000
2.164358 2.394202 9.902418 1417722680.501000
1.905785 2.365471 9.615114 1417722680.546000
1.647211 2.279280 9.011775 1417722680.546000
1.407791 2.288857 8.408437 1417722680.546000
1.197101 2.394202 7.852982 1417722680.547000
0.900220 2.566584 7.431602 1417722680.573000
0.708684 2.729390 7.192182 1417722680.573000
0.622492 2.892196 7.067683 1417722680.573000
0.536301 3.026271 6.933608 1417722680.581000
0.565032 3.160346 6.818686 1417722680.591000
0.679953 3.246537 6.799533 1417722680.603000
0.746991 3.323152 6.780379 1417722680.625000
0.794875 3.332729 6.761226 1417722680.625000
0.900220 3.409343 6.770803 1417722680.643000
0.995988 3.552995 6.818686 1417722680.643000
0.986411 3.610456 6.943185 1417722680.651000
0.919373 3.610456 7.067683 1417722680.661000
0.909797 3.639187 7.201759 1417722680.671000
0.842759 3.677494 7.441179 1417722680.681000
0.814029 3.830723 7.690176 1417722680.698000
0.852336 3.964798 7.977480 1417722680.701000
0.833182 4.127604 8.255207 1417722680.732000
0.775721 4.319140 8.389283 1417722680.732000
0.737414 4.510676 8.647857 1417722680.732000
0.689530 4.635174 8.868123 1417722680.758000
0.651223 4.740520 9.126697 1417722680.758000
0.584185 4.826711 9.404425 1417722680.761000
0.622492 4.855441 9.653421 1417722680.771000
0.660800 4.893748 9.921572 1417722680.783000
0.660800 4.845864 10.113108 1417722680.791000
0.632069 4.558560 10.419566 1417722680.801000
0.593762 4.328717 10.802638 1417722680.848000
0.622492 4.194642 11.243171 1417722680.848000
0.488417 4.347870 11.405977 1417722680.848000
0.248997 4.481946 11.252748 1417722680.848000
0.019154 4.539406 11.166556 1417722680.870000
-0.201113 4.481946 11.348516 1417722680.870000
-0.210690 4.357447 12.028469 1417722680.871000
-0.172383 4.146757 12.947843 1417722680.881000
-0.172383 3.849876 14.010868 1417722680.891000
-0.134075 3.600879 14.863204 1417722680.901000
-0.143652 3.380613 15.160085 1417722680.923000
-0.105345 3.141193 14.719552 1417722680.923000
-0.134075 3.198653 13.455414 1417722680.941000
-0.201113 3.294421 12.047623 1417722680.941000
-0.229843 3.256114 10.754754 1417722680.951000
-0.306458 3.169923 9.777920 1417722680.963000
-0.440533 3.055001 9.165004 1417722680.971000
-0.612916 2.959233 9.011775 1417722680.981000
-0.612916 2.940080 9.136273 1417722680.991000
-0.545878 2.959233 9.490616 1417722681.001000
-0.440533 2.920926 9.816227 1417722681.032000
-0.402226 2.882619 9.998186 1417722681.032000
-0.277727 2.873042 10.036493 1417722681.032000
-0.162806 2.901772 9.806650 1417722681.057000
-0.019154 2.920926 9.528923 1417722681.058000
0.057461 2.949656 9.155427 1417722681.061000
0.153229 2.920926 8.743625 1417722681.071000
0.229843 2.949656 8.350976 1417722681.083000
0.296881 2.949656 7.891289 1417722681.091000
0.450110 2.987964 7.546524 1417722681.101000
0.478840 3.016694 7.268796 1417722681.135000
0.555455 3.055001 7.077260 1417722681.135000
0.536301 3.055001 6.799533 1417722681.135000
0.478840 3.026271 6.617573 1417722681.162000
0.497994 3.035848 6.426037 1417722681.162000
0.450110 3.122039 6.330269 1417722681.162000
0.383072 3.198653 6.387730 1417722681.171000
0.402226 3.246537 6.512228 1417722681.181000
0.354342 3.294421 6.770803 1417722681.191000
0.354342 3.418920 7.077260 1417722681.201000
0.335188 3.447650 7.469909 1417722681.236000
0.296881 3.562572 7.891289 1417722681.236000
0.268151 3.667917 8.341399 1417722681.236000
0.162806 3.763685 8.743625 1417722681.263000
0.086191 3.907337 9.088389 1417722681.263000
0.028730 4.031836 9.203311 1417722681.263000
0.047884 4.223372 9.126697 1417722681.271000
0.134075 4.405331 9.097966 1417722681.281000
0.229843 4.606444 8.877700 1417722681.293000
0.277727 4.826711 8.801085 1417722681.302000
0.392649 4.979939 8.896853 1417722681.360000
0.603339 4.999093 9.232041 1417722681.360000
0.833182 4.932055 9.653421 1417722681.360000
0.986411 4.730943 10.026917 1417722681.360000
1.091756 4.434062 10.323798 1417722681.360000
1.206678 4.386178 10.716447 1417722681.398000
1.292869 4.558560 10.965444 1417722681.398000
1.273715 4.807557 11.176133 1417722681.401000
1.197101 4.884171 11.367670 1417722681.402000
1.187524 4.855441 11.683704 1417722681.402000
1.273715 4.654328 12.229582 1417722681.442000
1.513135 4.328717 12.976573 1417722681.442000
1.714248 4.012682 13.666103 1417722681.443000
1.953669 3.849876 14.183250 1417722681.443000
2.164358 3.591303 14.173674 1417722681.472000
2.250550 3.409343 13.560759 1417722681.472000
2.355895 3.208230 12.564771 1417722681.472000
2.451663 3.074155 11.425131 1417722681.481000
2.585738 2.978387 10.381259 1417722681.493000
2.633622 2.968810 9.500193 1417722681.557000
2.681506 2.930503 8.772355 1417722681.557000
2.719813 2.853889 8.465898 1417722681.557000
2.834735 2.777274 8.571242 1417722681.557000
2.930503 2.719813 9.030929 1417722681.557000
2.940080 2.681506 9.442732 1417722681.557000
2.853889 2.633622 9.758766 1417722681.585000
2.815581 2.595315 9.911995 1417722681.585000
2.691083 2.470816 9.940725 1417722681.585000
2.557007 2.422932 9.902418 1417722681.592000
2.480393 2.528277 9.720459 1417722681.602000
2.298434 2.547431 9.576807 1417722681.644000
2.001553 2.566584 9.165004 1417722681.644000
1.656788 2.700660 8.628703 1417722681.644000
1.340753 2.844312 8.054094 1417722681.644000
1.053449 2.940080 7.498640 1417722681.681000
0.814029 3.102885 7.086837 1417722681.681000
0.746991 3.284845 6.675035 1417722681.681000
0.727837 3.390190 6.397307 1417722681.684000
0.766145 3.629610 6.291962 1417722681.692000
0.766145 3.859453 6.378153 1417722681.702000
0.861913 3.916914 6.426037 1417722681.729000
0.948104 3.888184 6.588843 1417722681.729000
1.072602 3.897760 6.655881 1417722681.752000
1.149217 3.897760 6.789956 1417722681.752000
1.216254 3.993528 6.876147 1417722681.752000
1.244985 4.022259 6.991069 1417722681.762000
1.216254 4.089296 7.153875 1417722681.772000
1.139640 4.137180 7.297527 1417722681.782000
1.101333 4.165911 7.517793 1417722681.792000
1.034295 4.271256 7.671022 1417722681.802000
1.024718 4.424485 7.977480 1417722681.854000
0.986411 4.625597 8.140285 1417722681.854000
1.005565 4.845864 8.379706 1417722681.854000
0.938527 4.951209 8.552089 1417722681.854000
0.833182 5.094861 8.686164 1417722681.854000
0.746991 5.228937 8.858546 1417722681.879000
0.651223 5.276821 9.030929 1417722681.879000
0.526724 5.295974 9.289502 1417722681.882000
0.325611 5.200206 9.567230 1417722681.892000
0.220267 4.951209 10.113108 1417722681.902000
0.325611 4.644751 10.649409 1417722681.936000
0.430956 4.644751 11.185710 1417722681.936000
0.478840 4.730943 11.654974 1417722681.936000
0.363919 4.730943 11.990162 1417722681.964000
0.201113 4.740520 12.612655 1417722681.964000
0.057461 4.663905 13.292608 1417722681.964000
-0.057461 4.481946 13.876793 1417722681.972000
0.009577 4.223372 14.116213 1417722681.982000
0.067038 3.926491 14.001291 1417722681.992000
0.124498 3.687071 13.627796 1417722682.002000
0.076614 3.543418 12.909535 1417722682.044000
0.057461 3.447650 12.325351 1417722682.045000
0.047884 3.409343 11.760319 1417722682.045000
0.038307 3.457227 11.128249 1417722682.045000
-0.047884 3.342306 10.477027 1417722682.078000
-0.143652 3.141193 9.902418 1417722682.078000
-0.229843 2.930503 9.509769 1417722682.078000
-0.335188 2.738967 9.414001 1417722682.082000
-0.421380 2.633622 9.423578 1417722682.092000
-0.459687 2.499547 9.519346 1417722682.102000
-0.488417 2.432509 9.595961 1417722682.153000
-0.430956 2.394202 9.672575 1417722682.153000
-0.373495 2.403779 9.586384 1417722682.153000
-0.248997 2.470816 9.404425 1417722682.154000
-0.143652 2.614468 9.136273 1417722682.154000
-0.038307 2.815581 8.810662 1417722682.181000
0.019154 2.892196 8.398860 1417722682.181000
0.047884 2.978387 8.082825 1417722682.182000
0.143652 3.026271 7.690176 1417722682.192000
0.296881 3.083732 7.364564 1417722682.202000
0.450110 3.122039 7.048530 1417722682.246000
0.526724 3.122039 6.904878 1417722682.246000
0.574608 3.150769 6.991069 1417722682.246000
0.603339 3.198653 7.019799 1417722682.246000
0.584185 3.189077 7.029376 1417722682.272000
0.612916 3.160346 7.048530 1417722682.272000
0.584185 3.189077 7.067683 1417722682.272000
0.593762 3.246537 7.259220 1417722682.282000
0.574608 3.294421 7.422025 1417722682.292000
0.526724 3.390190 7.594408 1417722682.302000
0.526724 3.447650 7.785944 1417722682.374000
0.565032 3.629610 8.025364 1417722682.374000
0.584185 3.792415 8.178593 1417722682.374000
0.603339 3.840300 8.427590 1417722682.374000
0.603339 4.003105 8.580819 1417722682.374000
0.584185 4.165911 8.762778 1417722682.374000
0.574608 4.367024 8.916007 1417722682.374000
0.526724 4.539406 9.136273 1417722682.398000
0.574608 4.711789 9.394848 1417722682.398000
0.584185 4.797980 9.710882 1417722682.405000
0.737414 4.797980 10.046070 1417722682.430000
0.909797 4.778827 10.371682 1417722682.430000
1.120486 4.558560 10.668563 1417722682.453000
1.321599 4.280833 10.965444 1417722682.454000
1.513135 4.089296 11.185710 1417722682.454000
1.647211 4.165911 11.224017 1417722682.463000
1.675941 4.462792 11.195287 1417722682.473000
1.628057 4.692636 11.089942 1417722682.483000
1.446098 4.826711 11.118672 1417722682.492000
1.407791 4.730943 11.377247 1417722682.502000
1.484405 4.386178 11.865664 1417722682.593000
1.618480 4.031836 12.737153 1417722682.593000
1.762132 3.667917 13.551182 1417722682.594000
1.991976 3.371036 14.087482 1417722682.594000
2.202666 3.112462 14.154520 1417722682.594000
2.384625 2.892196 13.570335 1417722682.594000
2.403779 2.786851 12.363658 1417722682.594000
2.537854 2.758120 11.099519 1417722682.594000
2.633622 2.796427 10.065224 1417722682.594000
2.758120 2.853889 9.327810 1417722682.628000
2.825158 2.777274 9.011775 1417722682.628000
2.806004 2.710236 9.174581 1417722682.628000
2.825158 2.652776 9.567230 1417722682.652000
2.767697 2.528277 9.950302 1417722682.652000
2.643199 2.489970 10.199299 1417722682.671000
2.499547 2.375048 10.160992 1417722682.671000
2.317587 2.308010 10.103531 1417722682.673000
2.049437 2.193089 9.768343 1417722682.683000
1.810017 2.106898 9.356541 1417722682.693000
1.561020 2.154782 8.887277 1417722682.703000
1.273715 2.279280 8.216900 1417722682.725000
1.101333 2.442086 7.613562 1417722682.725000
0.967257 2.595315 7.163452 1417722682.748000
0.919373 2.825158 6.780379 1417722682.748000
0.861913 3.026271 6.512228 1417722682.753000
0.814029 3.141193 6.339846 1417722682.765000
0.871489 3.428497 6.320693 1417722682.773000
0.890643 3.600879 6.426037 1417722682.783000
0.957681 3.687071 6.598420 1417722682.793000
1.005565 3.667917 6.703765 1417722682.803000
1.206678 3.821146 6.828263 1417722682.830000
1.206678 3.964798 6.933608 1417722682.830000
1.302446 3.869030 6.895301 1417722682.853000
1.302446 3.811569 6.818686 1417722682.853000
1.206678 3.782839 6.876147 1417722682.853000
1.063026 3.821146 7.134721 1417722682.863000
1.024718 3.878607 7.374141 1417722682.873000
0.928950 3.907337 7.709330 1417722682.883000
0.852336 4.022259 8.034941 1417722682.893000
0.756568 4.204218 8.207323 1417722682.903000
0.651223 4.472369 8.532935 1417722682.948000
0.536301 4.692636 8.839393 1417722682.948000
0.545878 4.855441 9.069236 1417722682.948000
0.517148 5.066131 9.337387 1417722682.948000
0.517148 5.209783 9.605537 1417722682.976000
0.612916 5.190629 9.998186 1417722682.976000
0.670376 5.037400 10.381259 1417722682.976000
0.699107 4.807557 10.716447 1417722682.983000
0.861913 4.453215 11.070788 1417722682.993000
0.986411 4.290410 11.367670 1417722683.003000
0.976834 4.587290 11.492168 1417722683.057000
0.852336 4.740520 11.626244 1417722683.057000
0.737414 4.797980 11.626244 1417722683.057000
0.526724 4.759673 11.836933 1417722683.058000
0.354342 4.539406 12.229582 1417722683.058000
0.134075 4.213795 12.603078 1417722683.088000
0.114922 3.706224 13.177686 1417722683.088000
0.076614 3.390190 13.618219 1417722683.088000
0.086191 3.150769 13.627796 1417722683.093000
0.114922 2.978387 13.101071 1417722683.103000
0.143652 2.949656 12.191275 1417722683.157000
0.095768 3.064578 11.051635 1417722683.157000
0.086191 3.102885 9.988609 1417722683.157000
0.047884 2.968810 9.260772 1417722683.157000
-0.019154 2.806004 8.667010 1417722683.158000
-0.153229 2.585738 8.485051 1417722683.182000
-0.220267 2.442086 8.532935 1417722683.182000
-0.201113 2.394202 8.887277 1417722683.184000
-0.134075 2.422932 9.299079 1417722683.193000
-0.086191 2.509123 9.595961 1417722683.203000
-0.038307 2.537854 9.950302 1417722683.231000
0.019154 2.547431 10.093954 1417722683.231000
0.067038 2.557007 10.189722 1417722683.257000
0.134075 2.614468 10.074800 1417722683.257000
0.220267 2.671929 9.739613 1417722683.257000
0.287304 2.738967 9.270349 1417722683.263000
0.392649 2.806004 8.657434 1417722683.273000
0.555455 2.834735 8.073248 1417722683.283000
0.641646 2.834735 7.450756 1417722683.293000
0.718261 2.882619 6.904878 1417722683.305000
0.814029 2.911349 6.540959 1417722683.353000
0.852336 2.959233 6.330269 1417722683.353000
0.890643 2.978387 6.253655 1417722683.353000
0.823605 3.026271 6.301539 1417722683.353000
0.775721 3.035848 6.397307 1417722683.354000
0.679953 2.987964 6.550536 1417722683.389000
0.660800 3.007117 6.799533 1417722683.390000
0.651223 3.035848 7.220912 1417722683.390000
0.632069 3.112462 7.690176 1417722683.393000
0.622492 3.236961 8.149862 1417722683.403000
0.737414 3.371036 8.552089 1417722683.434000
0.718261 3.505111 8.686164 1417722683.434000
0.689530 3.610456 8.820239 1417722683.434000
0.718261 3.629610 8.801085 1417722683.467000
0.737414 3.744531 8.734048 1417722683.467000
0.775721 3.955221 8.599973 1417722683.467000
0.852336 4.165911 8.762778 1417722683.473000
0.967257 4.347870 9.078813 1417722683.486000
1.091756 4.529830 9.567230 1417722683.493000
1.254562 4.462792 10.151415 1417722683.503000
1.446098 4.146757 10.812215 1417722683.537000
1.503559 3.859453 11.654974 1417722683.537000
1.532289 3.715801 12.459426 1417722683.537000
1.608904 3.734955 12.986150 1417722683.567000
1.810017 4.118027 13.101071 1417722683.567000
1.877054 4.462792 12.727576 1417722683.567000
1.915361 4.587290 12.306197 1417722683.573000
1.972822 4.453215 11.980585 1417722683.584000
2.097321 4.146757 11.875240 1417722683.593000
2.279280 3.734955 12.191275 1417722683.603000
2.585738 3.495534 12.564771 1417722683.647000
2.815581 3.284845 12.976573 1417722683.647000
3.007117 2.949656 13.091495 1417722683.648000
3.074155 2.671929 12.919112 1417722683.648000
3.093309 2.422932 12.430696 1417722683.679000
3.102885 2.221819 11.683704 1417722683.679000
3.169923 2.106898 10.850522 1417722683.679000
3.179500 2.116474 10.103531 1417722683.684000
3.102885 2.145205 9.548077 1417722683.694000
3.064578 2.039860 9.346964 1417722683.704000
2.930503 1.972822 9.289502 1417722683.736000
2.806004 1.886631 9.346964 1417722683.737000
2.729390 1.838747 9.471462 1417722683.737000
2.662352 1.790863 9.481039 1417722683.770000
2.557007 1.762132 9.548077 1417722683.770000
2.451663 1.723825 9.442732 1417722683.771000
2.164358 1.752556 9.136273 1417722683.774000
1.848324 1.781286 8.753201 1417722683.784000
1.532289 1.762132 8.197746 1417722683.794000
1.273715 1.829170 7.671022 1417722683.804000
0.976834 1.972822 7.201759 1417722683.841000
0.785298 1.991976 6.818686 1417722683.841000
0.660800 2.116474 6.426037 1417722683.841000
0.565032 2.327164 6.196194 1417722683.904000
0.440533 2.547431 6.110003 1417722683.904000
0.574608 2.719813 6.119579 1417722683.904000
0.746991 2.911349 6.311116 1417722683.904000
0.785298 2.997540 6.569689 1417722683.904000
0.842759 2.987964 6.991069 1417722683.904000
0.900220 3.007117 7.402872 1417722683.904000
0.881066 3.112462 7.709330 1417722683.920000
0.957681 3.246537 7.977480 1417722683.975000
0.967257 3.227384 8.111555 1417722683.975000
0.995988 3.265691 8.207323 1417722683.975000
0.976834 3.332729 8.322245 1417722683.975000
0.986411 3.543418 8.628703 1417722683.976000
0.890643 3.792415 9.088389 1417722683.976000
0.842759 4.089296 9.375694 1417722684.003000
0.746991 4.261679 9.615114 1417722684.003000
0.785298 4.367024 9.624691 1417722684.004000
0.814029 4.539406 9.615114 1417722684.043000
0.890643 4.683059 9.653421 1417722684.043000
0.986411 4.711789 9.768343 1417722684.043000
1.101333 4.663905 10.007763 1417722684.078000
1.168370 4.472369 10.342952 1417722684.078000
1.206678 4.137180 10.975020 1417722684.078000
1.264138 3.859453 11.731588 1417722684.078000
1.359907 3.792415 12.401965 1417722684.084000
1.302446 3.849876 12.708423 1417722684.094000
1.197101 3.897760 12.775460 1417722684.104000
1.053449 3.869030 12.919112 1417722684.127000
0.852336 3.792415 13.196839 1417722684.127000
0.708684 3.610456 13.608643 1417722684.147000
0.708684 3.332729 14.097059 1417722684.147000
0.689530 3.016694 14.480132 1417722684.154000
0.622492 2.681506 14.460979 1417722684.164000
0.497994 2.537854 14.030022 1417722684.174000
0.363919 2.509123 13.120225 1417722684.184000
0.287304 2.576161 12.133814 1417722684.194000
0.258574 2.576161 11.137826 1417722684.206000
0.287304 2.547431 10.362105 1417722684.255000
0.268151 2.480393 9.902418 1417722684.255000
0.229843 2.298434 9.394848 1417722684.255000
0.162806 2.097321 9.107543 1417722684.255000
0.047884 1.905785 9.069236 1417722684.256000
0.028730 1.819593 9.136273 1417722684.289000
-0.019154 1.790863 9.337387 1417722684.289000
-0.028730 1.877054 9.433155 1417722684.290000
-0.009577 1.944092 9.605537 1417722684.294000
-0.028730 2.020706 9.749189 1417722684.304000
-0.047884 2.068590 9.844957 1417722684.336000
-0.076614 2.126051 9.864111 1417722684.336000
-0.047884 2.279280 9.682152 1417722684.336000
0.047884 2.413355 9.184157 1417722684.365000
0.153229 2.518700 8.638280 1417722684.365000
0.220267 2.566584 8.130709 1417722684.366000
0.344765 2.528277 7.460332 1417722684.374000
0.497994 2.557007 6.866570 1417722684.386000
0.612916 2.643199 6.359000 1417722684.395000
0.699107 2.738967 6.081272 1417722684.404000
0.766145 2.825158 6.033388 1417722684.425000
0.737414 2.882619 6.215348 1417722684.425000
0.679953 2.940080 6.512228 1417722684.445000
0.574608 3.007117 6.895301 1417722684.445000
0.440533 3.045424 7.211336 1417722684.454000
0.354342 3.102885 7.565677 1417722684.465000
0.354342 3.131616 7.776367 1417722684.474000
0.354342 3.265691 7.996634 1417722684.484000
0.402226 3.303998 8.092401 1417722684.494000
0.478840 3.361459 8.149862 1417722684.509000
0.430956 3.409343 8.274361 1417722684.568000
0.421380 3.457227 8.446744 1417722684.568000
0.450110 3.533842 8.810662 1417722684.568000
0.469264 3.725378 9.117120 1417722684.568000
0.555455 3.859453 9.327810 1417722684.568000
0.612916 3.983952 9.461885 1417722684.568000
0.737414 4.050989 9.615114 1417722684.592000
0.785298 4.060566 9.816227 1417722684.593000
0.909797 3.945644 10.084377 1417722684.595000
0.986411 3.801992 10.419566 1417722684.605000
1.082179 3.572149 11.003751 1417722684.635000
1.197101 3.533842 11.760319 1417722684.635000
1.436521 3.533842 12.421119 1417722684.635000
1.704672 3.907337 12.832921 1417722684.667000
1.723825 4.319140 12.737153 1417722684.667000
1.656788 4.443638 12.392388 1417722684.667000
1.570596 4.252102 12.191275 1417722684.675000
1.532289 3.878607 12.469003 1417722684.685000
1.752556 3.418920 13.014880 1417722684.695000
2.049437 3.074155 13.752295 1417722684.705000
2.355895 2.777274 14.135366 1417722684.731000
2.585738 2.355895 14.183250 1417722684.731000
2.710236 2.068590 13.694834 1417722684.762000
2.815581 1.800440 12.919112 1417722684.762000
2.920926 1.656788 11.856087 1417722684.763000
2.968810 1.628057 10.697293 1417722684.765000
2.920926 1.733402 9.777920 1417722684.775000
2.901772 1.790863 9.050082 1417722684.795000
2.930503 1.790863 8.695741 1417722684.795000
2.978387 1.685518 8.781932 1417722684.805000
3.112462 1.647211 9.184157 1417722684.838000
3.007117 1.541866 9.624691 1417722684.838000
2.853889 1.474828 9.911995 1417722684.838000
2.796427 1.455675 10.007763 1417722684.866000
2.614468 1.407791 9.988609 1417722684.866000
2.375048 1.407791 9.662998 1417722684.866000
1.991976 1.465251 9.002198 1417722684.875000
1.628057 1.503559 8.140285 1417722684.885000
1.216254 1.637634 7.441179 1417722684.895000
0.900220 1.867477 6.895301 1417722684.905000
0.679953 2.106898 6.531382 1417722684.938000
0.584185 2.288857 6.387730 1417722684.938000
0.488417 2.489970 6.368577 1417722684.938000
0.497994 2.700660 6.426037 1417722684.974000
0.488417 2.968810 6.684611 1417722684.974000
0.574608 3.150769 7.010222 1417722684.974000
0.756568 3.236961 7.335834 1417722684.975000
0.871489 3.284845 7.613562 1417722684.988000
0.967257 3.313575 7.814674 1417722684.995000
0.995988 3.284845 7.948750 1417722685.005000
0.928950 3.294421 8.025364 1417722685.026000
0.785298 3.332729 8.073248 1417722685.026000
0.679953 3.342306 8.092401 1417722685.050000
0.708684 3.428497 7.987057 1417722685.050000
0.708684 3.552995 8.044518 1417722685.055000
0.670376 3.696647 8.140285 1417722685.065000
0.612916 3.801992 8.350976 1417722685.075000
0.545878 3.964798 8.571242 1417722685.085000
0.478840 4.089296 8.686164 1417722685.095000
0.469264 4.261679 8.781932 1417722685.107000
0.565032 4.299986 9.002198 1417722685.125000
0.746991 4.434062 9.241618 1417722685.125000
0.842759 4.539406 9.519346 1417722685.143000
0.938527 4.462792 9.988609 1417722685.145000
0.900220 4.185065 10.649409 1417722685.157000
0.938527 3.715801 11.252748 1417722685.165000
1.043872 3.447650 11.702858 1417722685.182000
1.187524 3.485958 12.162544 1417722685.185000
1.101333 3.677494 12.315774 1417722685.195000
0.794875 3.830723 12.354081 1417722685.205000
0.450110 3.878607 12.478580 1417722685.248000
0.277727 3.878607 12.708423 1417722685.248000
0.143652 3.926491 13.072341 1417722685.250000
0.248997 3.859453 13.522451 1417722685.250000
0.373495 3.600879 13.915100 1417722685.278000
0.536301 3.342306 13.962984 1417722685.278000
0.814029 3.035848 13.675680 1417722685.278000
1.034295 2.920926 12.957419 1417722685.287000
1.024718 2.825158 12.076353 1417722685.295000
0.861913 2.671929 11.214440 1417722685.305000
0.651223 2.537854 10.601525 1417722685.335000
0.478840 2.346318 10.055647 1417722685.335000
0.450110 2.173935 9.662998 1417722685.335000
0.478840 2.078167 9.366117 1417722685.362000
0.555455 2.030283 9.404425 1417722685.362000
0.584185 1.944092 9.557653 1417722685.365000
0.469264 1.838747 9.768343 1417722685.375000
0.392649 1.800440 9.883265 1417722685.385000
0.344765 1.944092 9.883265 1417722685.395000
0.277727 2.068590 9.816227 1417722685.405000
0.229843 2.126051 9.567230 1417722685.440000
0.229843 2.202666 9.356541 1417722685.441000
0.277727 2.327164 9.059659 1417722685.441000
0.383072 2.461239 8.657434 1417722685.478000
0.469264 2.585738 8.312668 1417722685.478000
0.612916 2.633622 7.929596 1417722685.478000
0.584185 2.614468 7.546524 1417722685.478000
0.612916 2.595315 7.240066 1417722685.485000
0.469264 2.557007 7.029376 1417722685.495000
0.593762 2.557007 6.962338 1417722685.505000
0.574608 2.528277 6.981492 1417722685.528000
0.536301 2.528277 6.933608 1417722685.529000
0.488417 2.537854 6.924031 1417722685.553000
0.488417 2.585738 6.943185 1417722685.553000
0.584185 2.652776 7.058106 1417722685.557000
0.679953 2.719813 7.201759 1417722685.566000
0.708684 2.863465 7.489063 1417722685.576000
0.689530 2.987964 7.738060 1417722685.586000
0.651223 3.045424 8.025364 1417722685.595000
0.622492 3.122039 8.197746 1417722685.606000
0.632069 3.265691 8.341399 1417722685.641000
0.670376 3.428497 8.446744 1417722685.641000
0.708684 3.687071 8.580819 1417722685.645000
